FID	IID	phe_gcf
2105	2105	.421220318939676
3217	3217	-.866153328423014
5088	5088	.406541895893792
2266	2266	-.354632959510745
2007	2007	.0577165867227875
6491	6491	.928646349397871
4511	4511	1.24705536056992
5327	5327	.965428884177257
4337	4337	.930214460118746
1018	1018	-.392278798196092
7404	7404	.156384647618773
1206	1206	-.123286524137739
1229	1229	-.721931733132427
5328	5328	.0315897559696987
1122	1122	-.69532879238865
1280	1280	.809327738831214
5474	5474	.16903960471421
1267	1267	.210022690664037
3100	3100	-1.51207624071347
1044	1044	-.275276034388781
6486	6486	-3.51143568398178
4528	4528	1.02895312123979
1019	1019	-.804856022044404
3294	3294	.939304492334914
1132	1132	.704864364251849
4385	4385	.960796171449119
5861	5861	-1.34509171372634
7199	7199	1.24296448023603
1242	1242	.732559305725813
4314	4314	-.0127122613942345
4638	4638	1.02554527375025
5287	5287	-1.16115686536697
1077	1077	-1.21829756900812
2150	2150	-1.07482472896545
3186	3186	-1.2668001375425
4172	4172	.304306471207792
3347	3347	.10769834990261
7433	7433	1.39320560870459
6334	6334	-1.38528209599526
6290	6290	.0641450877865936
1128	1128	-.878216607660272
2085	2085	-.979316083183094
3281	3281	1.01834238485592
1274	1274	1.62493923799286
2366	2366	-.213775263276701
1110	1110	.748462594010302
3206	3206	.680216728144208
3154	3154	-.255056627066361
6366	6366	-1.37130746055485
5205	5205	1.33565939529778
1157	1157	1.23535262345587
4278	4278	-.00135276976245676
4687	4687	-.408182086480581
6443	6443	-.0440659216443903
2196	2196	.0527855961548159
5473	5473	-.461323264774028
1196	1196	-.543200520598256
5046	5046	-.422949425601892
7229	7229	-.634076453652477
3280	3280	-.379623841100656
5768	5768	.528748295526304
5809	5809	-2.45500296222645
3150	3150	1.03804071454521
5609	5609	-.172881093402301
4303	4303	.281587487944237
2274	2274	.0259100101538099
5822	5822	-.0122593450754126
7347	7347	.24498868234664
3058	3058	-1.93246634716467
4673	4673	-.177424890055012
5091	5091	-2.41881210530524
6456	6456	.276795258915617
1102	1102	-1.91122655854657
6469	6469	-.14804972811287
6417	6417	-.721887784699437
1062	1062	-2.29710602854474
6465	6465	-.866197276856004
4311	4311	1.31407636119741
2135	2135	-.465955977502167
276	276	-1.97534003455653
7403	7403	.623872186304142
7218	7218	-.401594069116294
3041	3041	-.417110163485522
2029	2029	.0309067231253429
5157	5157	.0494216970982727
1120	1120	-.720319673978561
162	162	.28604236852152
3162	3162	1.00509818881305
5331	5331	-2.67440066702024
190	190	.923309849064252
5233	5233	-.825075429366824
1188	1188	-.504921494532482
5149	5149	-.648843792773789
4323	4323	.543743312262395
5293	5293	.526863591115209
2272	2272	.0520368409068986
7293	7293	-1.70111991179167
6284	6284	.497328912872587
5374	5374	-.0830521934358292
7311	7311	-.821895259492071
5441	5441	.701456516762316
1056	1056	.489034023248072
7163	7163	-.0667849049079458
3079	3079	-1.09413586473948
4463	4463	1.59465580450232
3336	3336	-.176288940891834
3165	3165	-.421653960138234
7288	7288	1.23985247167559
304	304	-.206166864616727
4109	4109	1.64463756768214
7176	7176	.366351513624872
210	210	1.21326926648348
3160	3160	-.679514420179588
1208	1208	-.12783032079045
3252	3252	.449707964094547
5749	5749	1.01970601163388
3065	3065	-.431877502606833
5553	5553	.676465635172405
2073	2073	-1.10617838921561
6637	6637	-.545631935225092
3097	3097	-1.235153077274
7364	7364	.633731728529347
3080	3080	-1.47240693607768
3335	3335	-.971453355116277
4004	4004	.409949743383325
4484	4484	-.0797332620217232
1176	1176	-.0978195325571403
3212	3212	-.265236221101971
3105	3105	-.124422473300917
5478	5478	.539359031910164
2301	2301	-.413702315995989
3157	3157	1.06984729111419
6495	6495	-1.31716909463758
6311	6311	-1.3114454003887
3211	3211	-.930559185241877
3323	3323	.11792189237121
5185	5185	-.312602840473167
1259	1259	.00966347638705058
6558	6558	-.728519750496713
5631	5631	.939213137348741
2256	2256	-2.16987972226883
6292	6292	-.511737189511548
5558	5558	-1.27263939965887
5359	5359	.199799148195437
5181	5181	.357447649501239
7355	7355	-.297995017652337
5682	5682	.241397105675317
7384	7384	.129281384002987
2248	2248	-.248989687335212
3114	3114	-.309582186898894
5114	5114	1.54905832167473
5230	5230	1.20486572523186
1015	1015	1.33527220138252
3011	3011	.292946979576014
5388	5388	.0884761302040148
1227	1227	-.192535474658593
4538	4538	1.55148973630156
3328	3328	1.50491582061127
4062	4062	-.3569048578371
1033	1033	.846814061216081
3316	3316	-1.08539151691632
5012	5012	1.03849363086403
7351	7351	-1.92224280469607
6444	6444	.22628997919192
4627	4627	-1.89423126953189
2250	2250	1.03576881621885
4054	4054	-1.26923155216933
4002	4002	.0361335526224098
1020	1020	-.265236221101971
240	240	1.42501218527357
1224	1224	-2.69825559944698
6429	6429	-.319805729367494
109	109	-.162817067234181
4148	4148	.318984894253676
3273	3273	-.620445063694344
7221	7221	1.05507995199287
7369	7369	-.503442299887033
6359	6359	-.4898109099289
7395	7395	-.994083422304405
4144	4144	-.933514116412588
7400	7400	1.2175206823273
5677	5677	.485582227325548
2156	2156	-.448463823735678
4296	4296	1.29362927626021
4159	4159	2.17626177604934
1076	1076	.486718176488726
7187	7187	.333365039459726
6483	6483	-1.30808150133216
1158	1158	.49471376906396
5207	5207	.681441593382813
6264	6264	-2.04981235645426
7405	7405	-.623399994865055
5190	5190	-.596590131267611
1047	1047	-1.4030251210484
7410	7410	.478810480779472
4666	4666	2.37959667625816
1205	1205	-.989175625408299
6273	6273	.749509627098053
5581	5581	-1.06451227042143
5583	5583	.633299566971649
303	303	.52468060886428
6351	6351	-.0195279563733012
1253	1253	.935418095943947
2027	2027	-2.24387593417587
69	69	.871848891238982
6489	6489	-.213934779577181
6277	6277	.956341290871835
5059	5059	-1.40652188461336
5279	5279	.212205672914965
7353	7353	.137981783393149
1043	1043	-1.01841446472183
6470	6470	.596156490069053
2057	2057	-.934310278213681
5126	5126	-1.40538593545019
239	239	-.178268458409291
2018	2018	2.11492052123774
1247	1247	.858173552847858
3158	3158	.451731430044995
7361	7361	1.4330077778488
4345	4345	.045221145927832
2175	2175	-.701097454279966
2353	2353	-.000376336899759648
7324	7324	-2.10188228877864
4271	4271	2.09674533462689
5788	5788	1.07098324027736
2235	2235	-2.41592777435958
1104	1104	-.903683599240871
6478	6478	.157336867600161
6481	6481	-.335232907661295
4010	4010	-1.31110215490643
2221	2221	.747237728771697
1118	1118	-.471546807242628
6296	6296	-.099431591711006
3269	3269	.33716008086452
1057	1057	.700276619166148
7223	7223	-.710868080429744
6420	6420	.74026251749215
3231	3231	-.155841855954634
4344	4344	-.115107202380715
3261	3261	1.84229272207507
6279	6279	-.788908785326925
3163	3163	-.0672378212267677
5156	5156	.453479811827475
6449	6449	.967268620945915
1273	1273	1.2592075558826
5216	5216	1.2686383946703
92	92	-.751422462942059
2051	2051	-.835139455534944
1109	1109	-1.12287783930119
5347	5347	1.24523637856238
6578	6578	-.717160258864936
2307	2307	-1.2054588827309
6628	6628	-.165612482104412
6275	6275	.870668993642814
4035	4035	.592837558654947
4096	4096	-.625376054262316
2316	2316	-.606020970055304
3070	3070	.13836897730841
6442	6442	.172447452203743
5858	5858	.618715957032128
7278	7278	1.36480687962515
7271	7271	-.0392262860625839
6339	6339	-.894119895944761
4722	4722	.381462098228453
3283	3283	.473473980445853
2276	2276	-.23990209402979
3172	3172	-1.07596067812863
6346	6346	-.613176452396456
5282	5282	.79153974613563
1092	1092	1.05780476663805
5270	5270	-.0819162442726514
4633	4633	-.968388753109014
4501	4501	-.784408937107204
2047	2047	.621940075339871
4184	4184	-1.43757970593443
1243	1243	.829818772201404
5545	5545	-1.84340939611799
1115	1115	.724359229207661
5390	5390	.0691649944299926
4644	4644	.471202082119498
1052	1052	.625347922829405
2358	2358	-.98508474507441
3156	3156	2.22851543755552
4262	4262	.12814543483981
4678	4678	-1.53277175802658
7366	7366	-.0770084473765458
6364	6364	.880936484544404
6267	6267	1.23387688693061
6285	6285	-1.93360229632785
3093	3093	.777908356177497
2296	2296	.0740727913260983
4630	4630	.0781636716599875
2300	2300	-.677242521853233
6626	6626	-1.26443932314072
1166	1166	.140297630152495
4066	4066	.587068896763631
3179	3179	-1.03733840658059
1103	1103	-.55219919782825
1037	1037	.678397746136675
1054	1054	-.63332769840456
2102	2102	-1.16797256034603
1169	1169	-.0312746419203395
5321	5321	.152000367266543
6413	6413	1.43571183773286
4742	4742	.364422860780787
7329	7329	-.564034799450716
7290	7290	-.733291224764205
2066	2066	.558670167684186
2230	2230	.829026068520497
7391	7391	-.840978717651313
5255	5255	-1.31337405323279
2198	2198	.954956909332749
3191	3191	.823346322704608
1021	1021	-.617720249049167
7181	7181	.131166088414082
1164	1164	-1.28286294212747
3307	3307	.86310454341583
5008	5008	.498305345735284
5208	5208	-1.21811383982633
3326	3326	.147456570613832
1277	1277	-1.51478030059752
78	78	-2.03622491492911
3185	3185	-1.03733840658059
7340	7340	-.0785083967831181
3128	3128	1.03236096872932
7335	7335	.215613520404498
1022	1022	-.146665346573785
2218	2218	-.185376534197256
4099	4099	-1.59884053867268
1181	1181	.746554695927341
5162	5162	.157292919167171
3285	3285	.278090724379276
4077	4077	-.171745144239123
3071	3071	.396978192597682
6294	6294	-.0570142787581677
2252	2252	-2.16874377310565
6529	6529	-.0982956425478282
7429	7429	.677601584335582
6482	6482	1.15049968169981
6614	6614	-.0301386927571617
7399	7399	-.182311932189993
6457	6457	-1.16070394904814
1195	1195	.386982327743862
1141	1141	-.0619452693261394
5716	5716	1.52990670220118
5206	5206	-.763961852170004
3223	3223	.123601638187098
6494	6494	.414061378478338
4280	4280	1.16981081747383
310	310	-.698825555953611
2356	2356	.264459334421143
4245	4245	.156544163919254
7318	7318	1.0641675452983
4604	4604	1.07098324027736
4696	4696	-1.93246634716467
5551	5551	.0122786201956766
3144	3144	-1.24992041639531
3237	3237	-1.34972442645448
6644	6644	.287178317684698
5401	5401	-.737791072983925
1216	1216	.0971315619517392
4232	4232	-.0604221262477011
3213	3213	-.103588194448457
2058	2058	1.59692770282867
5203	5203	-.258236796941115
5547	5547	-.467091926665344
1165	1165	-.527297232313767
5092	5092	-1.14752547540883
4158	4158	1.50945961726398
7177	7177	-1.24180925595259
6255	6255	-.350000246782606
6365	6365	.150864418103365
5271	5271	.0633963325386764
5576	5576	.490966134212342
6490	6490	-.540179867023983
2369	2369	-.4489167400545
7396	7396	1.50605176977445
5180	5180	-.594229316865828
1232	1232	.715884068521541
115	115	-2.410860461163
5701	5701	-.888076149885477
6434	6434	-1.04113344798538
1108	1108	1.18466707267057
2023	2023	-.337593722063078
4294	4294	1.71165856830963
2288	2288	.483697522914453
4473	4473	-.225134754908478
2025	2025	-.920335642773277
5382	5382	-.892983946781583
2067	2067	-.0888208553271455
1182	1182	-.427720899869383
2036	2036	-1.16683661118285
3311	3311	.996987028370327
6445	6445	.470858836637227
1150	1150	-.527684426229027
3055	3055	-2.11194631494676
2287	2287	-.228453686322584
5189	5189	.422445184178281
4488	4488	.30632993715824
3251	3251	-1.54056388586834
3208	3208	.902862764127052
5497	5497	.561030982085969
7300	7300	-.849114090975347
5590	5590	-.0267308452676284
4254	4254	-.920335642773277
4128	4128	1.3606502768877
1201	1201	.176991248856454
7334	7334	-1.58441298691345
6265	6265	1.57291325410146
4623	4623	.40838163266245
1272	1272	.0836839011753957
4454	4454	1.22251739529883
274	274	1.58290911895528
7280	7280	.339044785275615
289	289	.738239051541702
4073	4073	-.5102579948661
4388	4388	.16903960471421
4291	4291	-.156977805117812
5453	5453	.25498454720046
1246	1246	.86276129793356
7270	7270	-.762438709091566
1083	1083	.264072140505882
4641	4641	1.59919960115503
5192	5192	.609444634544916
2280	2280	.414404623960609
5211	5211	.219474284212853
1075	1075	.240261156512139
6439	6439	-.565126800180904
5105	5105	-.517756722689523
6432	6432	-1.55297041058787
1163	1163	.706000313415027
6422	6422	-.226430220372137
5260	5260	-1.18062751744147
7345	7345	1.00039487585986
5471	5471	-.827187811392699
282	282	-1.13587360296816
7284	7284	-.220590958255767
281	281	.670741940923525
22	22	-.849158039408337
3089	3089	-.0922287028166788
2229	2229	-.200143873318567
4005	4005	.555262320194653
5498	5498	-.752602360538227
2163	2163	-1.3383649348227
7316	7316	-.167360863886893
7382	7382	.897023502010683
4131	4131	-1.36335581641261
3304	3304	.354199318312187
6448	6448	-.283751195074901
2268	2268	.630234964964386
3188	3188	-.743127573317544
2342	2342	-1.9722245678759
3263	3263	.11189890107305
6435	6435	-.82753105687497
1017	1017	-1.13039732188574
2054	2054	.465522336303609
2265	2265	.523455743625675
5116	5116	-.394391180221967
71	71	-.0107836085501494
7235	7235	-2.44546245260221
6636	6636	-1.15956799988497
2355	2355	-.871489828756632
5093	5093	-2.45613891138963
7373	7373	.342928742755836
1221	1221	.761322035048652
5218	5218	.921037950737897
1167	1167	-.267075957870629
3352	3352	-1.44514415616141
7413	7413	2.09569830153914
3298	3298	.493921065383053
3241	3241	-1.05340121116556
2354	2354	-.0292985825230792
7419	7419	.658633694043831
6421	6421	1.18344220743196
2318	2318	.506416506178009
1035	1035	1.58313679657006
4043	4043	.782541068905635
6423	6423	.239921369150053
6306	6306	.42917196308192
2251	2251	-.891936913693832
4418	4418	1.11982905429401
5110	5110	.486762124921716
6487	6487	-.474954654732162
2246	2246	-.19939511807065
4111	4111	-.282275458549638
1233	1233	.522408710537925
6607	6607	.136185995057481
41	41	-.138802618506968
3137	3137	1.55148973630156
4086	4086	.998282493833985
7191	7191	.842746374554058
7323	7323	.249304801384571
4547	4547	-.438240281267078
1204	1204	1.23099255598495
1084	1084	.400386040087215
7205	7205	.11383101203732
4697	4697	-.249376881250472
3207	3207	-.279660314741012
1039	1039	1.30687347230308
7408	7408	.119850545215295
3132	3132	-1.1032234580449
228	228	.765412915382541
2233	2233	-.905568303651966
224	224	.0539654937509838
1131	1131	-.0573575242404382
3354	3354	.700663813081408
7370	7370	-.598069325913059
4241	4241	-1.86203749904765
7166	7166	.174808266605526
5295	5295	.61735233025417
7303	7303	1.36844240472946
4141	4141	.311033250111431
2041	2041	-.0626940245740566
5430	5430	-.512529893192456
3333	3333	.169128520789637
5226	5226	-1.81773548168372
4098	4098	.755189372913941
6278	6278	-.441648128756612
2114	2114	-.122810414147051
7379	7379	-.390190629051526
3031	3031	-.42408537476507
2056	2056	-2.34935969005092
3239	3239	1.81616589132198
5294	5294	.601925151960369
6530	6530	-.333049925410367
5086	5086	-.276595712733749
3062	3062	.12814543483981
2042	2042	-1.03620245741741
7226	7226	-.172132338154384
7342	7342	-1.32739263710618
2034	2034	-2.06878024674601
206	206	.130506249241593
6256	6256	.34699642941786
7299	7299	-.300494593593472
1045	1045	.426512870840304
5793	5793	-.258236796941115
6288	6288	.680965483392125
5519	5519	.364422860780787
5513	5513	1.64690946600849
7313	7313	.834794730411813
4396	4396	-.379623841100656
1007	1007	-.642415291709982
7312	7312	-.0899568044903232
5707	5707	.161176876647393
6281	6281	.430307912245098
1008	1008	-.40382201900966
3032	3032	.651817999064764
2024	2024	.318984894253676
1027	1027	-.187648432523612
2031	2031	.993827613256702
4224	4224	-.310330942146812
6266	6266	-.74578666555916
4346	4346	1.01532173128165
4304	4304	-1.42688005347514
1263	1263	-2.23955981513793
7250	7250	-1.13116927080552
4289	4289	.993738697181274
6310	6310	-1.5716217071894
2370	2370	-1.4201532745715
5854	5854	1.11642120680447
7297	7297	-.21945500909259
7309	7309	.384958861793414
2035	2035	-.321690433778589
3147	3147	.798355441114697
5709	5709	.52556812565155
4118	4118	-1.09981561055537
5429	5429	-.197871974992212
4183	4183	-.130850974364723
2084	2084	1.53217860052754
4219	4219	.515504099483431
6300	6300	-1.06224037209507
3146	3146	.935805289859208
165	165	-.881872887525713
1276	1276	-2.47333766513778
7341	7341	-.0960237442214727
3039	3039	-1.00364712560051
4162	4162	-1.58600185239545
112	112	-.132374117443161
4115	4115	.574573455968675
7314	7314	.376758785275262
7274	7274	.510800786530239
6280	6280	-2.70218696348038
2090	2090	-1.1376451784225
285	285	.516640048646609
4156	4156	-.870353879593455
5630	5630	2.1626303860912
1255	1255	-.80690024275598
3004	3004	.573094261323227
6302	6302	-.288747908046434
3103	3103	1.68666768671972
3092	3092	.127009485676632
2044	2044	1.05621590115605
154	154	.321256792580031
3027	3027	-.282275458549638
1264	1264	.732923305969208
1228	1228	.693165085257986
4382	4382	.850609102620875
5852	5852	.186167758237303
3086	3086	-1.16002091620379
5634	5634	-1.45343904578592
7252	7252	-1.23192895896626
4268	4268	-.947598422689543
7222	7222	-.194851321417939
3169	3169	.488241319567164
6291	6291	.140253681719505
3204	3204	.0143910022215514
7368	7368	-.752558412105237
6347	6347	-1.5205039948464
2186	2186	-.543883553442611
7358	7358	.153885071677638
1050	1050	.49489749824575
2131	2131	.815394678562364
4057	4057	-.160385652607345
7349	7349	.33677288694926
3220	3220	.204254028772721
5145	5145	-1.51705219892388
2182	2182	-.144482364322856
4661	4661	.169492521033031
4620	4620	-.0523815660300293
4668	4668	.946028832327808
6328	6328	.105039257660994
6325	6325	-.615901267041633
2191	2191	1.14254803755756
1183	1183	.310690004629161
7402	7402	-.557219104471649
3225	3225	.10163141017146
7377	7377	-1.05892144068097
3340	3340	-.797653133150077
6336	6336	-.387122568924078
6426	6426	-.187559516448185
3305	3305	.735878237139919
3170	3170	-.935490175809849
3173	3173	-.576143046330411
6341	6341	-.33230117016245
4581	4581	-.454939731352659
1116	1116	-1.13957383126659
5032	5032	-.283068162230545
6396	6396	2.13520808987446
4656	4656	1.85819601035956
2138	2138	.375871268487992
7394	7394	-.443236994238611
6315	6315	-.417269679786003
2158	2158	-.505714198213389
2145	2145	-.599997978757144
1080	1080	-.207346762212895
3249	3249	-1.05324169486508
2122	2122	.859696695926297
3350	3350	-1.12935028879799
1123	1123	-.499285697149583
4635	4635	1.94225624843472
4030	4030	.184942892998698
5127	5127	.477858260798084
6330	6330	.680965483392125
4436	4436	-2.3402720967455
3342	3342	-.128126159719546
5168	5168	-.211662881250826
5079	5079	-.33296100933494
6354	6354	.74959854317348
4397	4397	.684760524796919
2124	2124	.537087133583809
3232	3232	-.839683252187655
6436	6436	-2.80487530448521
6320	6320	-2.28613373082822
1085	1085	1.69763998443623
6419	6419	-.87864876921797
4423	4423	-.860813369969211
2194	2194	.225925978948526
4061	4061	-.142369982296982
4429	4429	.207661876262254
7372	7372	.833569865173208
5077	5077	1.13118854592579
2099	2099	.147545486689259
1061	1061	-.0107836085501494
6362	6362	-.882396404069588
4679	4679	-.449599772898856
3351	3351	-.779477946539233
2258	2258	.742693932118986
4081	4081	.0414700529560283
4107	4107	-.0410220743982515
1241	1241	.161176876647393
5247	5247	-.104635227536207
5358	5358	-.68421773313278
2343	2343	-2.54853798752229
3119	3119	-.535248876456011
2209	2209	.383822912630236
6477	6477	-1.15774901787743
2096	2096	.595020540905875
5354	5354	.230037614043539
6475	6475	1.01952228245209
2253	2253	.322049496260939
2083	2083	.652794431927461
6499	6499	.0975637235094371
5176	5176	-.0855725241380928
2295	2295	.782452152830208
7170	7170	-.0210510994517395
2330	2330	.23492465617852
2249	2249	-.091092753653501
6600	6600	-.732904030848944
6437	6437	-.626284325810714
2260	2260	-1.86203749904765
5259	5259	-.484290680413492
2081	2081	-1.66892614130743
6673	6673	1.23871652251241
2321	2321	-2.43341992812607
2289	2289	-.362584603652989
1245	1245	.584637482136795
6619	6619	-.641279342546805
7168	7168	.328865191240005
4049	4049	1.17287541948109
7198	7198	.799331873977394
86	86	-1.29815379779265
5240	5240	1.29362927626021
5370	5370	.619668177013516
2245	2245	.63364281245392
4022	4022	-.171745144239123
2335	2335	.361015013291253
1028	1028	1.77640767061076
5272	5272	.478470693417386
4069	4069	.965180451801349
3243	3243	-.239153338781872
2113	2113	1.62743881393399
2086	2086	-.186899677275695
2334	2334	-1.44212350258714
4079	4079	.358743114964898
6446	6446	.217202385886498
2091	2091	.79153974613563
140	140	-1.11474246597716
6676	6676	1.17964716602717
2352	2352	.179263147182809
2254	2254	.333752233374987
2285	2285	-1.96872780431094
6668	6668	.381302581927973
2306	2306	.00546292521660989
2291	2291	-1.46445529193543
3327	3327	-2.49703308126403
5350	5350	.358832031040325
5225	5225	.54601521058875
3005	3005	-1.73633433585018
2112	2112	-.318282586289056
3359	3359	-1.16797256034603
2069	2069	1.77981551810029
4065	4065	-1.43946441034552
2244	2244	.497328912872587
7201	7201	.139593842547015
2220	2220	.325800589232742
6602	6602	-.621924258339792
2340	2340	-1.50534946180983
6261	6261	-1.11903783025396
2176	2176	.594633346990615
6467	6467	1.29778587899766
1065	1065	-.23072558464894
2310	2310	-.59243352853016
3297	3297	-2.18805490887967
6441	6441	-.223545889426479
3303	3303	-.212639314113523
2193	2193	-1.6041770390063
3045	3045	-.544336469761433
5674	5674	.364875777099609
1072	1072	-.560583003528192
1266	1266	2.02631648650987
6646	6646	-1.3690355622285
11	11	-.577622240975859
4489	4489	.423492217266031
2093	2093	-.83173160804541
6433	6433	.0539654937509838
3109	3109	-.280796263904189
6321	6321	.32659329291365
4017	4017	1.17873889447877
2144	2144	.430307912245098
5698	5698	-.370536247795234
7415	7415	-.326917263275656
1219	1219	-.408182086480581
5051	5051	.34633659024537
7362	7362	1.24023966559085
6500	6500	.351927419985831
4654	4654	-.360312705326634
2185	2185	.236060605341698
6461	6461	-1.3523395702631
1002	1002	-.0787568291590261
1041	1041	-.959117430621802
1236	1236	.527612346363126
6350	6350	.818643009751416
2290	2290	.782452152830208
4390	4390	.400773234002476
4189	4189	-.766982505744277
1279	1279	-.76618980206337
7230	7230	-1.72724674254476
2010	2010	2.13536760617494
1210	1210	.479902481509659
4174	4174	-1.0911152111652
5803	5803	.523068549710415
5833	5833	1.01191388379212
4197	4197	-.0933646519798566
2004	2004	-.188035626438872
6298	6298	-.372719230046162
3174	3174	.356471216638542
3346	3346	.506416506178009
4277	4277	.354199318312187
269	269	-2.29340580024631
2297	2297	-.00135276976245676
1149	1149	-1.04544956702331
6407	6407	.870373154713719
6551	6551	.253848598037282
6357	6357	-1.70255169988394
4759	4759	.0747558241704542
4413	4413	-.610221521225744
6462	6462	.110423164547787
6361	6361	-.514801791518811
2037	2037	-.174017042565479
1031	1031	.155861131074898
1230	1230	.911563163517214
2151	2151	-.121763381059301
7425	7425	.145025155986996
7267	7267	-.326621424346561
10	10	-.101316296122101
7233	7233	-.038046388466416
7306	7306	-1.58600185239545
7423	7423	.171151986740084
7424	7424	.633255618538659
6520	6520	-.28095578020467
266	266	-.210075034978269
6466	6466	1.26825120075504
2201	2201	1.2494161749717
6616	6616	.489377268730342
6454	6454	-.84195515051401
3331	3331	1.50491582061127
1194	1194	.0440851967646542
261	261	1.02554527375025
6424	6424	1.67530819508794
2281	2281	.390549691533876
2294	2294	-1.1236705429821
2006	2006	-1.2054588827309
5	5	-.288455527237536
2347	2347	-2.20850199381687
4059	4059	1.3606502768877
6327	6327	.439848421869342
3164	3164	-1.16910850950921
6513	6513	.0755045794183714
5531	5531	.651430805149503
2350	2350	.292514818018317
3077	3077	-.0820051603480788
6314	6314	.446051684229106
2314	2314	-1.26907203586885
5467	5467	-.739719725828011
7289	7289	-1.57805020825321
4326	4326	.136845834229971
4616	4616	.733606338813564
5389	5389	.524204498873593
3135	3135	1.48446873567407
6333	6333	-.308446237735717
4546	4546	-.000216820599278986
7224	7224	-.16674843126759
4281	4281	.0570335538784317
6581	6581	1.75580106937308
6269	6269	1.21940538673839
5669	5669	2.68062320450027
7360	7360	1.75788923851765
5449	5449	2.22283569173963
297	297	1.92408106182387
6337	6337	-.19916744045587
6427	6427	1.11512574134082
6464	6464	.850698018696302
5462	5462	1.48001385509679
299	299	.873620466693328
6518	6518	1.45493405743145
4105	4105	2.46138501600696
7414	7414	1.47408567690499
7253	7253	2.47546932228391
6531	6531	-.123946363310229
5257	5257	1.71131532282736
1153	1153	1.2080898435396
1244	1244	1.73058251016839
5447	5447	1.23001612312225
1207	1207	1.94916085948921
6455	6455	1.37412215054535
4800	4800	.678397746136675
3040	3040	2.16035848776485
5820	5820	1.27931485345772
3036	3036	2.05092017418452
7167	7167	1.24487237831899
4003	4003	2.08093096241783
1030	1030	.839998366237014
1074	1074	.995667350025359
6360	6360	.704864364251849
6652	6652	-.401117959125606
6480	6480	.96972424845406
5245	5245	1.53519925410181
6319	6319	1.66719703464521
4465	4465	1.47294972774181
1046	1046	.592405397097249
1142	1142	1.69243634861103
2232	2232	2.01836484236763
4503	4503	.999075197514892
4370	4370	-.348953213694856
7327	7327	.716567101365897
5808	5808	1.79694367162339
5530	5530	1.15277158002616
6515	6515	.696868771676614
7169	7169	-.241381288675238
5591	5591	2.39331698229172
7315	7315	2.49852809290956
4136	4136	1.19411866621938
1237	1237	.967268620945915
5475	5475	.964292935014079
2303	2303	1.4795377451061
2346	2346	1.52195505805894
3240	3240	1.31793712500576
6474	6474	.509141320823186
3234	3234	1.67766900948972
6356	6356	-.406093917336015
4259	4259	-.37319534003685
7431	7431	-.923290573943988
4450	4450	-.546608368087789
4154	4154	-1.3179178498855
5220	5220	-1.49512591934123
3078	3078	-1.38039505386028
3190	3190	-.144482364322856
3020	3020	.682145380988293
3112	3112	-.846498947166721
